2.09012508392334 0.2382243275642395
1.8698484897613525 0.31548628211021423
1.7481465339660645 0.3425957262516022
1.6457756757736206 0.36801084876060486
1.5889489650726318 0.38393765687942505
1.5331121683120728 0.397492378950119
1.5169440507888794 0.39918673038482666
1.4761468172073364 0.4144357740879059
1.4459316730499268 0.4171467423439026
1.4145699739456177 0.4395120441913605
1.3768383264541626 0.4473060071468353
1.359011173248291 0.453744500875473
1.3266620635986328 0.4605218470096588
1.3077536821365356 0.47204336524009705
1.2839484214782715 0.4676380753517151
1.2638278007507324 0.49068111181259155
1.2421339750289917 0.4883090555667877
1.2169175148010254 0.4984751045703888
1.227542519569397 0.49983057379722595
1.182309627532959 0.513724148273468
1.1580299139022827 0.5171128511428833
1.1230380535125732 0.5184683203697205
1.1009975671768188 0.5282955169677734
1.082840919494629 0.5330396294593811
1.0494391918182373 0.5594713687896729
1.0357770919799805 0.5411725044250488
0.9982913732528687 0.5570992827415466
0.9736583828926086 0.5672653317451477
0.9438636898994446 0.5628600716590881
0.9149477481842041 0.5696374177932739
0.8894503116607666 0.559810221195221
0.8687101602554321 0.5740426778793335
0.8381696939468384 0.5760759115219116
0.8121060132980347 0.5777702331542969
0.7868560552597046 0.5909861326217651
0.7532689571380615 0.5957302451133728
0.7404045462608337 0.5913249850273132
0.7249658703804016 0.5781091451644897
0.689195990562439 0.589630663394928
0.672207772731781 0.5933581590652466
0.6386623382568359 0.5984411835670471
0.61075758934021 0.5920026898384094
0.6048488616943359 0.598102331161499
0.566296398639679 0.5906472206115723
0.5652827024459839 0.5838698744773865
0.5262848138809204 0.5994578003883362
0.5172650814056396 0.5933581590652466
0.5032567381858826 0.5967468619346619
0.4803619086742401 0.5960691571235657
0.4496821165084839 0.5903083682060242
0.4310254752635956 0.59878009557724
0.42748937010765076 0.5909861326217651
0.4182191789150238 0.598102331161499
0.3812413513660431 0.6001355648040771
0.37419137358665466 0.589630663394928
0.3601331114768982 0.5913249850273132
0.34128090739250183 0.5916638374328613
0.34131795167922974 0.5950525403022766
0.3219645023345947 0.5943747758865356
0.3250100016593933 0.5997966527938843
