0.21552015841007233 1.5951049327850342
0.2618604004383087 1.5404555797576904
0.28812268376350403 1.4790291786193848
0.31141984462738037 1.47165846824646
0.3399695158004761 1.4509574174880981
0.3484412133693695 1.4422006607055664
0.3536936640739441 1.4478046894073486
0.3769908547401428 1.3881614208221436
0.38969841599464417 1.3724859952926636
0.39918673038482666 1.37001633644104
0.42350050806999207 1.3325085639953613
0.432311087846756 1.3152965307235718
0.44959336519241333 1.3176692724227905
0.45882752537727356 1.280423879623413
0.4703490436077118 1.2880432605743408
0.47738054394721985 1.2612093687057495
0.4936462342739105 1.2781898975372314
0.5066079497337341 1.2401869297027588
0.5020332336425781 1.2374053001403809
0.5187224745750427 1.2052408456802368
0.5291426777839661 1.2073625326156616
0.5505760908126831 1.1984703540802002
0.5602338314056396 1.1873890161514282
0.5734496712684631 1.171185851097107
0.5869196653366089 1.1563122272491455
0.5965774059295654 1.1823793649673462
0.6080989241600037 1.1639310121536255
0.6226702928543091 1.116904854774475
0.6391900777816772 1.167055606842041
0.6455438733100891 1.1502265930175781
0.655032217502594 1.1915674209594727
0.670196533203125 1.1346200704574585
0.6799390316009521 1.159121036529541
0.6906980872154236 1.1651846170425415
0.7005252242088318 1.137905478477478
0.7189935445785522 1.1263461112976074
0.7247543334960938 1.1599770784378052
0.7261098027229309 1.174695372581482
0.7441545128822327 1.2040191888809204
0.7538970112800598 1.1680346727371216
0.7644866108894348 1.1966743469238281
0.7707556486129761 1.2108575105667114
0.7731277346611023 1.2389247417449951
0.7890545725822449 1.255256175994873
0.7913419008255005 1.3411396741867065
0.8092172145843506 1.2830731868743896
0.8133683204650879 1.2667346000671387
0.8169264793395996 1.272025465965271
0.823110818862915 1.326270580291748
0.8330227136611938 1.3808231353759766
0.8481870293617249 1.3659336566925049
0.844205379486084 1.4219880104064941
0.8525076508522034 1.3707776069641113
0.8664859533309937 1.4033838510513306
0.8721619844436646 1.48631751537323
0.8735174536705017 1.4901447296142578
0.8781768679618835 1.5053157806396484
0.8786851763725281 1.5365397930145264
0.8880040645599365 1.542728304862976
0.8898678421974182 1.5906065702438354
