0.733500599861145 0.5845000147819519
0.4716431200504303 0.746999979019165
0.37412264943122864 0.8410000205039978
0.3121311068534851 0.8870000243186951
0.27070918679237366 0.9070000052452087
0.24894924461841583 0.9194999933242798
0.22901350259780884 0.9190000295639038
0.21152347326278687 0.9229999780654907
0.2074209600687027 0.9284999966621399
0.20183588564395905 0.9325000047683716
0.19181959331035614 0.9290000200271606
0.18977762758731842 0.9315000176429749
0.18066485226154327 0.9309999942779541
0.17016901075839996 0.9315000176429749
0.17171654105186462 0.9315000176429749
0.7772519588470459 0.7680000066757202
