0.6259999871253967 0.6432979702949524
0.784250020980835 0.5365719199180603
0.8487499952316284 0.4079737067222595
0.8805000185966492 0.30729520320892334
0.8998749852180481 0.2498878538608551
0.905875027179718 0.21936888992786407
0.9178749918937683 0.2164766490459442
0.9212499856948853 0.20589493215084076
0.924875020980835 0.20266976952552795
0.9272500276565552 0.19450195133686066
0.9279999732971191 0.20092444121837616
0.9358749985694885 0.1957995444536209
0.9352499842643738 0.192848339676857
0.937624990940094 0.19532781839370728
0.9367499947547913 0.20543751120567322
0.6446250081062317 0.5977970957756042
